72
CNIDARIA_Alatina_alata                  0.0000000 0.3944614 0.3034074 0.4763615 0.1979561 0.3970288 0.5836156 0.3768495 0.3044757 1.2721116 0.9992298 9.0000000 0.4234551 0.3185765 0.7720681 0.2556068 0.4659134 0.4316632 0.5287904 0.5598885 0.5545694 0.5090835 0.3996095 0.4100674 0.3538987 9.0000000 0.3843217 0.2683776 0.9163635 0.5528088 0.4809070 0.3098521 0.7130252 0.2498208 0.2784282 0.2959920 0.5139379 0.4824314 0.2991565 0.8297689 0.3622322 0.3131059 0.6757119 0.3805716 1.0211631 0.3196778 0.6164460 0.3241075 0.5780394 0.2209487 0.3263371 9.0000000 0.5221348 0.4087481 0.3376371 0.3098521 0.4793872 0.6388987 0.6712376 0.5221348 0.6368154 0.8484627 0.6347407 0.6494476 9.0000000 9.0000000 9.0000000 9.0000000 9.0000000 9.0000000 9.0000000 0.5761943 
PORIFERA_Amphimedon_queenslandica       0.3944614 0.0000000 0.1541264 0.9424888 0.2693736 0.2441010 0.4688763 0.2403238 0.1645268 1.3268537 0.8421535 9.0000000 0.4885759 0.1573036 0.8846627 0.3274557 0.2733776 0.2897223 0.3731549 0.3881000 0.3768495 0.3756150 0.2441010 0.2536706 0.1860000 9.0000000 0.3263371 0.2422088 0.6893801 0.3983175 0.3538987 0.1605010 0.5338410 0.3012774 0.4556791 0.1439380 0.3457018 0.3550807 0.2855858 0.9200131 0.2291606 0.5123145 1.4271891 0.1876906 0.7748003 0.1581010 0.4703644 0.1677709 0.3756150 0.3707070 0.1843151 9.0000000 0.3756150 0.2663915 0.1979561 0.1557125 0.3457018 0.4484951 0.5616743 0.4035056 0.5172005 1.0535819 0.4600396 0.4793872 9.0000000 9.0000000 9.0000000 9.0000000 9.0000000 9.0000000 9.0000000 0.4428212 
BILATERIA_Aplysia_californica           0.3034074 0.1541264 0.0000000 0.8390284 0.2075550 0.1868446 0.4100674 0.1416160 0.0664749 1.3436620 1.0882492 9.0000000 0.4140462 0.0861251 0.7748003 0.2546378 0.1768024 0.2057960 0.2938933 0.3707070 0.3207815 0.3152870 0.1493983 0.1685853 0.1138311 9.0000000 0.2517420 0.1734993 0.8147075 0.3241075 0.3538987 0.0861251 0.5581092 0.2282414 0.3957435 0.0745126 0.2907618 0.3342202 0.2022964 0.8846627 0.1817983 0.4571284 1.4478106 0.2084369 0.8711939 0.0868167 0.4442337 0.0785804 0.3658467 0.3087722 0.1051415 9.0000000 0.3023413 0.1962305 0.1182332 0.0833684 0.2743837 0.4022035 0.5204846 0.3285768 0.4556791 1.0166988 0.4100674 0.4248138 9.0000000 9.0000000 9.0000000 9.0000000 9.0000000 9.0000000 9.0000000 0.3793279 
CNIDARIA_Atolla_vanhoeffeni             0.4763615 0.9424888 0.8390284 0.0000000 0.4688763 0.8088078 1.0122740 0.8580784 0.8297689 0.8745272 1.1145711 1.7588362 0.7429593 0.8645931 0.8678826 0.5911487 1.1145711 0.8645931 0.8711939 0.9348841 0.8484627 0.8390284 0.8516474 0.9424888 0.8950079 1.3883346 0.8267201 0.6987044 1.0211631 0.9055717 0.7228055 0.8516474 0.8985044 0.5949583 0.4688763 0.8613251 1.1778739 0.7455367 0.6802266 1.1423560 0.8029768 0.5139379 0.4234551 0.8548525 1.2721116 0.8678826 0.8846627 0.8613251 0.9580543 0.4456501 0.8613251 1.4584493 0.8029768 0.8058838 0.8678826 0.8516474 0.9865172 1.0583896 0.9273933 0.9660226 0.8846627 0.9700548 1.0035401 1.1840468 1.4478106 1.0632440 1.5275244 1.2433267 1.3883346 1.8929682 1.4804308 0.9782183 
CNIDARIA_Aurelia_aurita                 0.1979561 0.2693736 0.2075550 0.4688763 0.0000000 0.2938933 0.5058732 0.2536706 0.2102052 1.2227758 1.0211631 9.0000000 0.4194010 0.1988212 0.8328364 0.2173418 0.3515429 0.3353566 0.3931827 0.4615016 0.4289121 0.4140462 0.2794444 0.3023413 0.2375095 9.0000000 0.3087722 0.2236710 0.8390284 0.4414128 0.3957435 0.2005558 0.5836156 0.2084369 0.2556068 0.1962305 0.4048111 0.3996095 0.2556068 0.8267201 0.2595016 0.2412654 0.7154524 0.3034074 0.9580543 0.2014254 0.5271182 0.2066748 0.4854942 0.1294110 0.2119798 9.0000000 0.4035056 0.3207815 0.2375095 0.2005558 0.3793279 0.5058732 0.5798912 0.4113901 0.5042757 0.9741199 0.5058732 0.5406554 9.0000000 9.0000000 9.0000000 9.0000000 9.0000000 9.0000000 9.0000000 0.4659134 
CTENOPHORA_Beroe_abyssicola             0.3970288 0.2441010 0.1868446 0.8088078 0.2938933 0.0000000 0.4074323 0.2556068 0.1893869 0.9424888 1.0302131 9.0000000 0.4302858 0.1669579 0.8267201 0.3098521 0.3174776 0.2897223 0.2835303 0.4585819 0.3818185 0.3376371 0.2774140 0.2753917 0.1962305 9.0000000 0.3353566 0.2673836 0.8846627 0.4248138 0.4414128 0.1718559 0.6347407 0.3185765 0.4527931 0.1517568 0.4100674 0.3944614 0.3002159 0.9741199 0.2556068 0.5155665 1.1310561 0.3055464 0.9741199 0.1613036 0.5440978 0.1826358 0.4615016 0.3682709 0.2119798 9.0000000 0.3586436 0.3012774 0.2137608 0.1669579 0.3843217 0.4901238 0.6065642 0.4330444 0.5304683 0.9348841 0.5188399 0.5616743 1.9764952 9.0000000 9.0000000 9.0000000 9.0000000 9.0000000 9.0000000 0.4870326 
CTENOPHORA_Bolinopsis_infundibulum      0.5836156 0.4688763 0.4100674 1.0122740 0.5058732 0.4074323 0.0000000 0.4688763 0.4140462 0.7830878 1.2363821 9.0000000 0.6285678 0.4048111 1.0035401 0.5761943 0.5221348 0.5058732 0.4289121 0.6368154 0.5074757 0.4372111 0.4484951 0.4629678 0.4275423 9.0000000 0.5563361 0.4932343 1.2161091 0.6757119 0.6409908 0.4048111 0.8147075 0.5406554 0.6757119 0.3538987 0.6870760 0.5616743 0.5090835 1.2575120 0.4484951 0.7106097 1.0934039 0.5338410 1.4271891 0.3931827 0.6712376 0.4167164 0.6124698 0.6368154 0.4499236 9.0000000 0.5892548 0.5271182 0.4275423 0.4048111 0.6347407 0.7886901 0.7130252 0.6580500 0.7858811 1.2161091 0.8117489 0.8267201 1.9470750 1.2948428 3.7247490 9.0000000 9.0000000 9.0000000 9.0000000 0.7154524 
BILATERIA_Branchiostoma_floridae        0.3768495 0.2403238 0.1416160 0.8580784 0.2536706 0.2556068 0.4688763 0.0000000 0.1226744 1.3977688 1.0681460 9.0000000 0.4916766 0.1462708 0.8147075 0.3163811 0.2556068 0.2575504 0.3538987 0.4330444 0.3944614 0.3780872 0.2365750 0.2291606 0.1792941 9.0000000 0.3152870 0.2460003 0.8390284 0.3906349 0.4113901 0.1541264 0.6558855 0.2970446 0.4527931 0.1439380 0.3670573 0.4074323 0.2753917 0.9127402 0.2384459 0.5090835 1.8929682 0.2764018 0.9502110 0.1549188 0.5010961 0.1241636 0.4499236 0.3780872 0.1439380 9.0000000 0.3780872 0.2723736 0.1743230 0.1478321 0.3433842 0.4629678 0.5616743 0.4009048 0.5338410 1.0535819 0.4600396 0.5139379 9.0000000 9.0000000 9.0000000 9.0000000 9.0000000 9.0000000 9.0000000 0.4153795 
BILATERIA_Capitella_teleta              0.3044757 0.1645268 0.0664749 0.8297689 0.2102052 0.1893869 0.4140462 0.1226744 0.0000000 1.3522829 0.9992298 9.0000000 0.4207487 0.0840562 0.7455367 0.2479069 0.1860000 0.1893869 0.3076946 0.3694874 0.3263371 0.3120190 0.1470509 0.1826358 0.1072998 9.0000000 0.2507805 0.1726770 0.8117489 0.3141953 0.3550807 0.0840562 0.5780394 0.2347110 0.3793279 0.0765424 0.2855858 0.3376371 0.2014254 0.8484627 0.1710363 0.4358183 1.4584493 0.2093203 0.9091431 0.0833684 0.4456501 0.0792616 0.3793279 0.3098521 0.1029925 9.0000000 0.3163811 0.2057960 0.1058599 0.0826816 0.2835303 0.3983175 0.5188399 0.3410774 0.4513563 0.9463350 0.4061200 0.4456501 9.0000000 9.0000000 9.0000000 9.0000000 9.0000000 9.0000000 9.0000000 0.3756150 
CTENOPHORA_Cestum_veneris               1.2721116 1.3268537 1.3436620 0.8745272 1.2227758 0.9424888 0.7830878 1.3977688 1.3522829 0.0000000 1.4804308 2.0768306 1.4171887 1.5528463 1.1657521 1.3522829 1.9764952 1.6375554 0.8645931 1.8679630 0.9463350 0.9992298 1.1597996 1.2363821 1.3186568 1.1310561 1.4804308 1.3610551 1.3186568 1.7788389 1.2227758 1.4804308 1.4171887 1.5153287 1.2647585 1.1778739 2.2525295 1.0394300 1.3436620 1.4478106 1.0535819 1.2030364 0.9580543 1.4478106 1.4693192 1.3026555 0.9992298 1.2433267 1.5528463 1.2363821 1.4917949 1.2647585 1.1366741 1.1902969 1.2871503 1.6076958 1.9470750 2.1570019 1.2095300 1.3268537 1.2647585 1.2871503 2.0077554 3.7247490 1.5153287 0.6987044 1.6375554 1.0122740 1.7588362 1.5153287 1.9192900 1.7210824 
PORIFERA_Chondrilla_nucula              0.9992298 0.8421535 1.0882492 1.1145711 1.0211631 1.0302131 1.2363821 1.0681460 0.9992298 1.4804308 0.0000000 1.2095300 1.1423560 1.0488199 1.0535819 0.9823505 1.3522829 0.9620225 1.0882492 0.7830878 0.9660226 1.0122740 1.0122740 1.2721116 0.9992298 1.7788389 1.2575120 1.0122740 0.5598885 1.1539172 0.6602239 0.9949562 0.7455367 0.9907189 0.9700548 0.9823505 1.2948428 0.6580500 0.9541172 1.2647585 0.8613251 0.9907189 0.9865172 0.7034326 0.5670700 0.9907189 0.9386720 0.9992298 0.7203424 1.0211631 1.0441029 1.3026555 1.0302131 0.9907189 0.9424888 0.9949562 1.3268537 1.4171887 1.1423560 1.2721116 1.1778739 1.2227758 1.3790751 1.8929682 1.1840468 2.0768306 1.7210824 1.5034234 1.5275244 1.5528463 1.2295327 1.4373935 
PORIFERA_Clathrina_coriacea             9.0000000 9.0000000 9.0000000 1.7588362 9.0000000 9.0000000 9.0000000 9.0000000 9.0000000 2.0768306 1.2095300 0.0000000 9.0000000 9.0000000 1.0986123 9.0000000 9.0000000 9.0000000 9.0000000 9.0000000 9.0000000 9.0000000 9.0000000 9.0000000 9.0000000 1.0035401 9.0000000 9.0000000 1.3699839 9.0000000 9.0000000 9.0000000 2.2024878 9.0000000 9.0000000 9.0000000 9.0000000 9.0000000 9.0000000 2.3707239 9.0000000 9.0000000 1.2795744 9.0000000 1.3186568 9.0000000 9.0000000 9.0000000 9.0000000 9.0000000 9.0000000 0.5321518 9.0000000 9.0000000 9.0000000 9.0000000 9.0000000 9.0000000 9.0000000 9.0000000 9.0000000 1.0122740 9.0000000 9.0000000 1.2871503 1.1366741 0.5670700 0.9020256 0.5581092 0.5074757 0.5892548 9.0000000 
CNIDARIA_Clytia_hemisphaerica           0.4234551 0.4885759 0.4140462 0.7429593 0.4194010 0.4302858 0.6285678 0.4916766 0.4207487 1.4171887 1.1423560 9.0000000 0.0000000 0.4061200 0.8846627 0.3410774 0.5475640 0.4854942 0.5475640 0.5949583 0.6007276 0.6224701 0.4615016 0.5042757 0.4234551 9.0000000 0.3285768 0.2654014 1.0632440 0.6473200 0.6184460 0.4087481 0.7252807 0.3207815 0.5106964 0.3893658 0.6204540 0.5670700 0.2835303 0.8390284 0.4194010 0.5090835 0.9386720 0.4600396 1.0632440 0.3996095 0.7353061 0.4074323 0.6104935 0.4358183 0.4484951 9.0000000 0.5725246 0.4659134 0.4372111 0.4087481 0.5563361 0.7082059 0.7353061 0.6306169 0.7010629 0.9741199 0.7130252 0.7612860 1.8679630 9.0000000 1.8929682 9.0000000 1.8679630 9.0000000 1.9470750 0.7034326 
CTENOPHORA_Coeloplana_species           0.3185765 0.1573036 0.0861251 0.8645931 0.1988212 0.1669579 0.4048111 0.1462708 0.0840562 1.5528463 1.0488199 9.0000000 0.4061200 0.0000000 0.7429593 0.2375095 0.2110917 0.2075550 0.2575504 0.3538987 0.3364955 0.2595016 0.1801274 0.1919423 0.0785804 9.0000000 0.2479069 0.1702179 0.7858811 0.3376371 0.3634341 0.0287332 0.5836156 0.2282414 0.3957435 0.0731640 0.2825057 0.3410774 0.2022964 0.8778829 0.1718559 0.4428212 1.5153287 0.2084369 0.8778829 0.0469285 0.4442337 0.0909863 0.3780872 0.2918035 0.1138311 9.0000000 0.2938933 0.2191420 0.1167615 0.0189709 0.2804628 0.3868374 0.5545694 0.3422295 0.4556791 0.9200131 0.3893658 0.4194010 9.0000000 9.0000000 9.0000000 9.0000000 9.0000000 9.0000000 9.0000000 0.3893658 
PORIFERA_Corticium_candelabrum          0.7720681 0.8846627 0.7748003 0.8678826 0.8328364 0.8267201 1.0035401 0.8147075 0.7455367 1.1657521 1.0535819 1.0986123 0.8846627 0.7429593 0.0000000 0.7943559 0.9348841 0.8147075 0.9660226 0.8580784 0.7720681 0.8778829 0.8088078 0.9741199 0.8236898 1.5400251 0.9127402 0.7639598 0.8484627 0.9502110 0.7693507 0.7693507 0.7972130 0.8117489 0.8452981 0.7775476 0.9782183 0.7612860 0.7327809 0.5873680 0.6046111 0.8359228 1.0078880 0.7203424 0.9620225 0.7886901 0.8580784 0.7403952 0.8452981 0.7858811 0.8058838 0.9580543 0.7693507 0.8236898 0.8176837 0.7586264 0.9236896 0.9700548 0.9660226 0.9741199 0.8711939 0.2897223 0.9620225 1.2095300 1.1200059 1.7396030 1.0441029 1.6859803 1.0394300 1.1778739 1.1366741 0.9949562 
CNIDARIA_Craspedacusta_sowerbyi         0.2556068 0.3274557 0.2546378 0.5911487 0.2173418 0.3098521 0.5761943 0.3163811 0.2479069 1.3522829 0.9823505 9.0000000 0.3410774 0.2375095 0.7943559 0.0000000 0.4074323 0.3843217 0.4542340 0.4778721 0.5042757 0.4688763 0.3410774 0.3598370 0.2654014 9.0000000 0.2970446 0.1792941 0.8236898 0.4870326 0.4839604 0.2375095 0.6285678 0.1605010 0.3141953 0.2384459 0.4330444 0.4763615 0.1876906 0.9020256 0.3297004 0.3586436 0.8206778 0.3491983 0.9541172 0.2460003 0.5968740 0.2595016 0.4995138 0.2565776 0.2693736 9.0000000 0.4629678 0.3780872 0.2774140 0.2393840 0.4087481 0.5139379 0.6987044 0.4995138 0.5321518 0.8678826 0.5271182 0.5743561 1.7588362 9.0000000 2.1153111 9.0000000 1.8441489 9.0000000 9.0000000 0.5406554 
BILATERIA_Crassostrea_gigas             0.4659134 0.2733776 0.1768024 1.1145711 0.3515429 0.3174776 0.5221348 0.2556068 0.1860000 1.9764952 1.3522829 9.0000000 0.5475640 0.2110917 0.9348841 0.4074323 0.0000000 0.3353566 0.4167164 0.5304683 0.4659134 0.4302858 0.2673836 0.3109344 0.2431540 9.0000000 0.3731549 0.3152870 0.8846627 0.4330444 0.4763615 0.2182411 0.7455367 0.3768495 0.5042757 0.1962305 0.4372111 0.4428212 0.3468645 1.0535819 0.2980995 0.6085250 1.5153287 0.3342202 1.1038755 0.2102052 0.5510544 0.2014254 0.5139379 0.4585819 0.2173418 9.0000000 0.4615016 0.3185765 0.2507805 0.2093203 0.4428212 0.5528088 0.6779641 0.5074757 0.5911487 1.1840468 0.5706998 0.5836156 9.0000000 9.0000000 9.0000000 9.0000000 9.0000000 9.0000000 9.0000000 0.5634664 
BILATERIA_Daphnia_pulex                 0.4316632 0.2897223 0.2057960 0.8645931 0.3353566 0.2897223 0.5058732 0.2575504 0.1893869 1.6375554 0.9620225 9.0000000 0.4854942 0.2075550 0.8147075 0.3843217 0.3353566 0.0000000 0.4221000 0.4414128 0.4344294 0.4330444 0.2218545 0.2959920 0.2431540 9.0000000 0.3353566 0.2814832 0.8711939 0.2218545 0.4330444 0.2093203 0.6558855 0.3433842 0.5172005 0.1996877 0.4022035 0.3944614 0.3218877 0.9907189 0.2855858 0.5930499 1.2433267 0.3185765 0.8516474 0.2119798 0.4916766 0.1996877 0.4499236 0.4330444 0.2209487 9.0000000 0.3881000 0.1792941 0.2282414 0.2040432 0.3996095 0.5221348 0.6646003 0.4615016 0.5688816 1.0348003 0.5221348 0.5873680 2.9200300 9.0000000 9.0000000 9.0000000 9.0000000 9.0000000 9.0000000 0.5155665 
CTENOPHORA_Dryodora_glandiformis        0.5287904 0.3731549 0.2938933 0.8711939 0.3931827 0.2835303 0.4289121 0.3538987 0.3076946 0.8645931 1.0882492 9.0000000 0.5475640 0.2575504 0.9660226 0.4542340 0.4167164 0.4221000 0.0000000 0.5406554 0.4484951 0.3756150 0.3830685 0.3682709 0.2845570 9.0000000 0.4275423 0.3805716 0.8915357 0.5652649 0.5106964 0.2575504 0.6916950 0.4180569 0.5616743 0.2644133 0.5058732 0.4542340 0.4061200 1.0078880 0.3515429 0.7130252 1.1423560 0.4048111 1.1255005 0.2585251 0.5949583 0.2907618 0.4916766 0.4854942 0.3098521 9.0000000 0.4793872 0.3970288 0.3229964 0.2575504 0.5090835 0.5930499 0.6430916 0.5475640 0.6306169 1.1255005 0.5780394 0.6779641 9.0000000 1.6859803 9.0000000 9.0000000 9.0000000 9.0000000 9.0000000 0.6085250 
PORIFERA_Ephydatia_muelleri             0.5598885 0.3881000 0.3707070 0.9348841 0.4615016 0.4585819 0.6368154 0.4330444 0.3694874 1.8679630 0.7830878 9.0000000 0.5949583 0.3538987 0.8580784 0.4778721 0.5304683 0.4414128 0.5406554 0.0000000 0.5817500 0.5652649 0.4527931 0.4854942 0.3793279 9.0000000 0.5475640 0.4221000 0.7082059 0.5406554 0.4248138 0.3562655 0.5725246 0.4372111 0.6026656 0.3410774 0.5423736 0.4153795 0.4499236 0.7858811 0.4302858 0.7034326 1.2161091 0.3274557 0.5968740 0.3527194 0.6388987 0.3480300 0.3538987 0.5510544 0.3793279 9.0000000 0.5475640 0.4629678 0.4234551 0.3538987 0.5389431 0.6537303 0.7559809 0.6065642 0.7106097 1.0934039 0.7082059 0.6646003 3.7247490 9.0000000 9.0000000 9.0000000 9.0000000 9.0000000 9.0000000 0.6244944 
PORIFERA_Euplectella_aspergillum        0.5545694 0.3768495 0.3207815 0.8484627 0.4289121 0.3818185 0.5074757 0.3944614 0.3263371 0.9463350 0.9660226 9.0000000 0.6007276 0.3364955 0.7720681 0.5042757 0.4659134 0.4344294 0.4484951 0.5817500 0.0000000 0.4659134 0.3550807 0.4207487 0.3515429 2.1570019 0.4542340 0.3868374 0.8117489 0.5743561 0.4688763 0.3274557 0.5670700 0.4414128 0.5528088 0.3263371 0.5688816 0.4302858 0.4428212 1.0394300 0.3574532 0.6388987 1.1145711 0.4035056 0.8678826 0.3285768 0.3364955 0.3308265 0.5026834 0.5423736 0.3562655 9.0000000 0.2245818 0.4113901 0.3634341 0.3410774 0.4793872 0.6473200 0.6326746 0.5968740 0.6007276 0.9386720 0.6065642 0.7034326 0.9311247 2.6261367 9.0000000 9.0000000 9.0000000 9.0000000 9.0000000 0.5911487 
CTENOPHORA_Euplokamis_dunlapae          0.5090835 0.3756150 0.3152870 0.8390284 0.4140462 0.3376371 0.4372111 0.3780872 0.3120190 0.9992298 1.0122740 9.0000000 0.6224701 0.2595016 0.8778829 0.4688763 0.4302858 0.4330444 0.3756150 0.5652649 0.4659134 0.0000000 0.3855779 0.4330444 0.3034074 9.0000000 0.4615016 0.4113901 0.9200131 0.5798912 0.5204846 0.2595016 0.7775476 0.4688763 0.5688816 0.2928473 0.5598885 0.4629678 0.4358183 1.0348003 0.3515429 0.6285678 0.9782183 0.4234551 1.2095300 0.2703716 0.5987971 0.3098521 0.5372366 0.5172005 0.3480300 9.0000000 0.5010961 0.4180569 0.3163811 0.2595016 0.5254515 0.6452013 0.6347407 0.5406554 0.6430916 0.9992298 0.6285678 0.7154524 9.0000000 9.0000000 9.0000000 9.0000000 9.0000000 9.0000000 9.0000000 0.6285678 
BILATERIA_Helobdella_robusta            0.3996095 0.2441010 0.1493983 0.8516474 0.2794444 0.2774140 0.4484951 0.2365750 0.1470509 1.1597996 1.0122740 9.0000000 0.4615016 0.1801274 0.8088078 0.3410774 0.2673836 0.2218545 0.3830685 0.4527931 0.3550807 0.3855779 0.0000000 0.2479069 0.2031690 9.0000000 0.3131059 0.2422088 0.8516474 0.3241075 0.4275423 0.1817983 0.6224701 0.3098521 0.4499236 0.1726770 0.4048111 0.3843217 0.2835303 0.9660226 0.2441010 0.5423736 1.2575120 0.2866167 0.8711939 0.1843151 0.4644384 0.1726770 0.4275423 0.3830685 0.1843151 9.0000000 0.3586436 0.2300814 0.1927970 0.1801274 0.3793279 0.5155665 0.6144539 0.4330444 0.5338410 1.1145711 0.5188399 0.5372366 2.4422743 9.0000000 9.0000000 9.0000000 9.0000000 9.0000000 9.0000000 0.4778721 
BILATERIA_Homo_sapiens                  0.4100674 0.2536706 0.1685853 0.9424888 0.3023413 0.2753917 0.4629678 0.2291606 0.1826358 1.2363821 1.2721116 9.0000000 0.5042757 0.1919423 0.9741199 0.3598370 0.3109344 0.2959920 0.3682709 0.4854942 0.4207487 0.4330444 0.2479069 0.0000000 0.2319281 9.0000000 0.3515429 0.2634271 1.0078880 0.4275423 0.4979365 0.1953699 0.7058135 0.3342202 0.5204846 0.1710363 0.3868374 0.4718570 0.2980995 1.0256677 0.2835303 0.5930499 2.2525295 0.3229964 1.0934039 0.1927970 0.6184460 0.1613036 0.4793872 0.4140462 0.1792941 9.0000000 0.4140462 0.3012774 0.2264083 0.1885381 0.3598370 0.4901238 0.6265269 0.4302858 0.5652649 1.2095300 0.4963642 0.5440978 2.4422743 9.0000000 9.0000000 9.0000000 9.0000000 9.0000000 9.0000000 0.4748555 
CTENOPHORA_Hormiphora_californensis     0.3538987 0.1860000 0.1138311 0.8950079 0.2375095 0.1962305 0.4275423 0.1792941 0.1072998 1.3186568 0.9992298 9.0000000 0.4234551 0.0785804 0.8236898 0.2654014 0.2431540 0.2431540 0.2845570 0.3793279 0.3515429 0.3034074 0.2031690 0.2319281 0.0000000 9.0000000 0.2784282 0.1962305 0.7943559 0.3670573 0.3893658 0.0840562 0.6326746 0.2517420 0.4022035 0.0916846 0.3285768 0.3610331 0.2282414 0.9620225 0.2102052 0.4703644 1.4584493 0.2365750 0.9163635 0.0540071 0.4484951 0.1131012 0.4022035 0.3274557 0.1354763 9.0000000 0.3319552 0.2575504 0.1462708 0.0840562 0.3241075 0.4275423 0.6046111 0.3719295 0.5090835 1.0583896 0.4499236 0.4778721 9.0000000 9.0000000 9.0000000 9.0000000 9.0000000 9.0000000 9.0000000 0.4386077 
PORIFERA_Hyalonema_populiferum          9.0000000 9.0000000 9.0000000 1.3883346 9.0000000 9.0000000 9.0000000 9.0000000 9.0000000 1.1310561 1.7788389 1.0035401 9.0000000 9.0000000 1.5400251 9.0000000 9.0000000 9.0000000 9.0000000 9.0000000 2.1570019 9.0000000 9.0000000 9.0000000 9.0000000 0.0000000 9.0000000 9.0000000 9.0000000 9.0000000 9.0000000 9.0000000 1.8214178 9.0000000 9.0000000 9.0000000 9.0000000 9.0000000 9.0000000 9.0000000 9.0000000 9.0000000 0.9055717 9.0000000 2.7517939 9.0000000 1.4804308 9.0000000 9.0000000 9.0000000 9.0000000 1.0535819 9.0000000 9.0000000 9.0000000 9.0000000 9.0000000 9.0000000 9.0000000 9.0000000 9.0000000 1.5660049 9.0000000 9.0000000 0.9700548 0.7748003 1.5275244 0.6026656 1.4693192 1.0780966 1.7032234 9.0000000 
CNIDARIA_Hydra_magnipapillata           0.3843217 0.3263371 0.2517420 0.8267201 0.3087722 0.3353566 0.5563361 0.3152870 0.2507805 1.4804308 1.2575120 9.0000000 0.3285768 0.2479069 0.9127402 0.2970446 0.3731549 0.3353566 0.4275423 0.5475640 0.4542340 0.4615016 0.3131059 0.3515429 0.2784282 9.0000000 0.0000000 0.1988212 0.9660226 0.4763615 0.5172005 0.2595016 0.7507315 0.2723736 0.4275423 0.2393840 0.5026834 0.4901238 0.2093203 1.0730965 0.3174776 0.4809070 1.0583896 0.3719295 1.1038755 0.2546378 0.5798912 0.2507805 0.5074757 0.3957435 0.2784282 9.0000000 0.4470706 0.3207815 0.2825057 0.2595016 0.4484951 0.5968740 0.7106097 0.5204846 0.6104935 1.1255005 0.6046111 0.6602239 9.0000000 9.0000000 9.0000000 9.0000000 9.0000000 9.0000000 9.0000000 0.5634664 
CNIDARIA_Hydractinia_polyclina          0.2683776 0.2422088 0.1734993 0.6987044 0.2236710 0.2673836 0.4932343 0.2460003 0.1726770 1.3610551 1.0122740 9.0000000 0.2654014 0.1702179 0.7639598 0.1792941 0.3152870 0.2814832 0.3805716 0.4221000 0.3868374 0.4113901 0.2422088 0.2634271 0.1962305 9.0000000 0.1988212 0.0000000 0.8206778 0.4009048 0.4087481 0.1702179 0.5798912 0.1776316 0.3538987 0.1613036 0.3646389 0.3743834 0.1249098 0.8778829 0.2479069 0.3868374 1.0986123 0.2723736 0.9741199 0.1743230 0.5372366 0.1677709 0.4499236 0.2774140 0.1893869 9.0000000 0.3780872 0.2703716 0.2031690 0.1718559 0.3274557 0.4428212 0.6347407 0.4140462 0.4916766 0.9348841 0.4456501 0.4947968 9.0000000 9.0000000 9.0000000 9.0000000 9.0000000 9.0000000 9.0000000 0.4600396 
PORIFERA_Ircinia_fasciculata            0.9163635 0.6893801 0.8147075 1.0211631 0.8390284 0.8846627 1.2161091 0.8390284 0.8117489 1.3186568 0.5598885 1.3699839 1.0632440 0.7858811 0.8484627 0.8236898 0.8846627 0.8711939 0.8915357 0.7082059 0.8117489 0.9200131 0.8516474 1.0078880 0.7943559 9.0000000 0.9660226 0.8206778 0.0000000 0.9907189 0.6204540 0.7803100 0.7178914 0.8421535 0.9055717 0.7666480 1.0583896 0.5616743 0.8328364 1.3522829 0.7378442 0.9700548 1.0535819 0.6430916 0.4248138 0.7507315 0.8390284 0.8058838 0.6940205 0.9502110 0.8058838 1.6076958 0.8029768 0.8613251 0.8236898 0.7858811 0.9865172 1.0488199 0.9741199 1.0441029 0.9992298 0.9541172 1.0394300 1.3977688 1.0681460 1.7032234 1.3790751 9.0000000 1.6531816 2.1570019 1.4804308 1.0986123 
BILATERIA_Ixodes_scapularis             0.5528088 0.3983175 0.3241075 0.9055717 0.4414128 0.4248138 0.6757119 0.3906349 0.3141953 1.7788389 1.1539172 9.0000000 0.6473200 0.3376371 0.9502110 0.4870326 0.4330444 0.2218545 0.5652649 0.5406554 0.5743561 0.5798912 0.3241075 0.4275423 0.3670573 9.0000000 0.4763615 0.4009048 0.9907189 0.0000000 0.5761943 0.3330864 0.7203424 0.4428212 0.6104935 0.3387812 0.5493061 0.5389431 0.4585819 1.0166988 0.4194010 0.7693507 1.2161091 0.4513563 0.9992298 0.3457018 0.5987971 0.3387812 0.5798912 0.5406554 0.3034074 9.0000000 0.5074757 0.2488629 0.3527194 0.3376371 0.5287904 0.6987044 0.8117489 0.6065642 0.7010629 1.1717763 0.6893801 0.7010629 2.4422743 9.0000000 9.0000000 9.0000000 9.0000000 9.0000000 9.0000000 0.5817500 
PORIFERA_Kirkpatrickia_variolosa        0.4809070 0.3538987 0.3538987 0.7228055 0.3957435 0.4414128 0.6409908 0.4113901 0.3550807 1.2227758 0.6602239 9.0000000 0.6184460 0.3634341 0.7693507 0.4839604 0.4763615 0.4330444 0.5106964 0.4248138 0.4688763 0.5204846 0.4275423 0.4979365 0.3893658 9.0000000 0.5172005 0.4087481 0.6204540 0.5761943 0.0000000 0.3562655 0.4009048 0.4484951 0.5688816 0.3503692 0.5706998 0.2546378 0.4358183 0.8778829 0.3586436 0.6285678 0.9091431 0.3274557 0.6712376 0.3527194 0.5406554 0.3342202 0.4275423 0.4824314 0.3868374 9.0000000 0.4703644 0.4484951 0.3793279 0.3610331 0.5389431 0.6164460 0.6779641 0.5761943 0.6306169 0.9660226 0.6244944 0.7106097 1.5528463 9.0000000 9.0000000 9.0000000 9.0000000 9.0000000 9.0000000 0.6624073 
CTENOPHORA_Lampea_pancerina             0.3098521 0.1605010 0.0861251 0.8516474 0.2005558 0.1718559 0.4048111 0.1541264 0.0840562 1.4804308 0.9949562 9.0000000 0.4087481 0.0287332 0.7693507 0.2375095 0.2182411 0.2093203 0.2575504 0.3562655 0.3274557 0.2595016 0.1817983 0.1953699 0.0840562 9.0000000 0.2595016 0.1702179 0.7803100 0.3330864 0.3562655 0.0000000 0.5545694 0.2282414 0.4009048 0.0718190 0.2886850 0.3274557 0.2040432 0.8580784 0.1702179 0.4484951 1.4917949 0.2137608 0.8985044 0.0546556 0.4358183 0.0937855 0.3805716 0.3044757 0.1152941 9.0000000 0.2918035 0.2155481 0.1109178 0.0324438 0.2784282 0.3868374 0.5406554 0.3422295 0.4644384 0.9502110 0.3970288 0.4221000 9.0000000 9.0000000 9.0000000 9.0000000 9.0000000 9.0000000 9.0000000 0.3893658 
PORIFERA_Latrunculia_apicalis           0.7130252 0.5338410 0.5581092 0.8985044 0.5836156 0.6347407 0.8147075 0.6558855 0.5780394 1.4171887 0.7455367 2.2024878 0.7252807 0.5836156 0.7972130 0.6285678 0.7455367 0.6558855 0.6916950 0.5725246 0.5670700 0.7775476 0.6224701 0.7058135 0.6326746 1.8214178 0.7507315 0.5798912 0.7178914 0.7203424 0.4009048 0.5545694 0.0000000 0.6368154 0.7252807 0.5528088 0.7034326 0.4372111 0.5836156 1.0441029 0.5836156 0.7533493 1.0302131 0.4839604 0.6409908 0.5706998 0.6430916 0.5458279 0.5475640 0.6779641 0.6007276 1.5934091 0.5581092 0.6244944 0.6007276 0.5798912 0.6452013 0.7429593 0.7775476 0.7058135 0.7666480 0.8645931 0.7228055 0.8359228 1.1145711 9.0000000 1.7210824 9.0000000 1.6693121 1.8214178 1.7996752 0.7277683 
CNIDARIA_Liriope_tetraphylla            0.2498208 0.3012774 0.2282414 0.5949583 0.2084369 0.3185765 0.5406554 0.2970446 0.2347110 1.5153287 0.9907189 9.0000000 0.3207815 0.2282414 0.8117489 0.1605010 0.3768495 0.3433842 0.4180569 0.4372111 0.4414128 0.4688763 0.3098521 0.3342202 0.2517420 9.0000000 0.2723736 0.1776316 0.8421535 0.4428212 0.4484951 0.2282414 0.6368154 0.0000000 0.2970446 0.2200445 0.4470706 0.4330444 0.2066748 0.9020256 0.2991565 0.3682709 0.8778829 0.3196778 0.9620225 0.2310039 0.5743561 0.2310039 0.4963642 0.2723736 0.2460003 9.0000000 0.4289121 0.3353566 0.2693736 0.2300814 0.4035056 0.5338410 0.6368154 0.4809070 0.5423736 0.9463350 0.5440978 0.5780394 9.0000000 9.0000000 9.0000000 9.0000000 9.0000000 9.0000000 9.0000000 0.5338410 
CNIDARIA_Lucernariopsis_campanulata     0.2784282 0.4556791 0.3957435 0.4688763 0.2556068 0.4527931 0.6757119 0.4527931 0.3793279 1.2647585 0.9700548 9.0000000 0.5106964 0.3957435 0.8452981 0.3141953 0.5042757 0.5172005 0.5616743 0.6026656 0.5528088 0.5688816 0.4499236 0.5204846 0.4022035 9.0000000 0.4275423 0.3538987 0.9055717 0.6104935 0.5688816 0.4009048 0.7252807 0.2970446 0.0000000 0.3768495 0.6007276 0.5355359 0.3610331 1.0348003 0.4442337 0.3342202 0.6734697 0.4748555 1.0934039 0.3868374 0.7058135 0.4022035 0.5873680 0.2595016 0.4074323 9.0000000 0.5510544 0.5090835 0.4456501 0.3957435 0.5493061 0.7228055 0.7302683 0.6306169 0.6473200 0.9424888 0.7178914 0.7106097 1.5275244 9.0000000 2.2525295 9.0000000 2.0411011 9.0000000 9.0000000 0.6668029 
CTENOPHORA_Mnemiopsis_leidyi            0.2959920 0.1439380 0.0745126 0.8613251 0.1962305 0.1517568 0.3538987 0.1439380 0.0765424 1.1778739 0.9823505 9.0000000 0.3893658 0.0731640 0.7775476 0.2384459 0.1962305 0.1996877 0.2644133 0.3410774 0.3263371 0.2928473 0.1726770 0.1710363 0.0916846 9.0000000 0.2393840 0.1613036 0.7666480 0.3387812 0.3503692 0.0718190 0.5528088 0.2200445 0.3768495 0.0000000 0.2733776 0.3131059 0.1945108 0.8812613 0.1645268 0.4275423 1.4584493 0.1936532 0.8745272 0.0605303 0.4456501 0.0792616 0.3622322 0.2866167 0.1001415 9.0000000 0.3034074 0.2093203 0.1101921 0.0718190 0.2634271 0.3756150 0.5090835 0.3163811 0.4400083 0.9865172 0.3855779 0.4180569 9.0000000 9.0000000 9.0000000 9.0000000 9.0000000 9.0000000 9.0000000 0.3610331 
CNIDARIA_Montastraea_faveolata          0.5139379 0.3457018 0.2907618 1.1778739 0.4048111 0.4100674 0.6870760 0.3670573 0.2855858 2.2525295 1.2948428 9.0000000 0.6204540 0.2825057 0.9782183 0.4330444 0.4372111 0.4022035 0.5058732 0.5423736 0.5688816 0.5598885 0.4048111 0.3868374 0.3285768 9.0000000 0.5026834 0.3646389 1.0583896 0.5493061 0.5706998 0.2886850 0.7034326 0.4470706 0.6007276 0.2733776 0.0000000 0.5440978 0.3868374 1.0211631 0.3893658 0.6602239 9.0000000 0.4061200 0.9386720 0.2835303 0.6712376 0.2835303 0.6164460 0.4839604 0.3087722 9.0000000 0.4932343 0.4275423 0.3218877 0.2723736 0.2673836 0.1988212 0.5389431 0.2507805 0.3550807 1.3186568 0.1953699 0.1454920 1.8929682 9.0000000 9.0000000 9.0000000 9.0000000 9.0000000 9.0000000 0.2794444 
PORIFERA_Mycale_phyllophila             0.4824314 0.3550807 0.3342202 0.7455367 0.3996095 0.3944614 0.5616743 0.4074323 0.3376371 1.0394300 0.6580500 9.0000000 0.5670700 0.3410774 0.7612860 0.4763615 0.4428212 0.3944614 0.4542340 0.4153795 0.4302858 0.4629678 0.3843217 0.4718570 0.3610331 9.0000000 0.4901238 0.3743834 0.5616743 0.5389431 0.2546378 0.3274557 0.4372111 0.4330444 0.5355359 0.3131059 0.5440978 0.0000000 0.4180569 0.8678826 0.3274557 0.6065642 0.8147075 0.3066194 0.6515844 0.3218877 0.5090835 0.3152870 0.4180569 0.4870326 0.3756150 9.0000000 0.4513563 0.3805716 0.3731549 0.3319552 0.5271182 0.6144539 0.6204540 0.5493061 0.6285678 0.9236896 0.6306169 0.6893801 1.7996752 9.0000000 9.0000000 9.0000000 9.0000000 9.0000000 9.0000000 0.6104935 
CNIDARIA_Nanomia_bijuga                 0.2991565 0.2855858 0.2022964 0.6802266 0.2556068 0.3002159 0.5090835 0.2753917 0.2014254 1.3436620 0.9541172 9.0000000 0.2835303 0.2022964 0.7327809 0.1876906 0.3468645 0.3218877 0.4061200 0.4499236 0.4428212 0.4358183 0.2835303 0.2980995 0.2282414 9.0000000 0.2093203 0.1249098 0.8328364 0.4585819 0.4358183 0.2040432 0.5836156 0.2066748 0.3610331 0.1945108 0.3868374 0.4180569 0.0000000 0.9127402 0.2794444 0.4022035 1.0394300 0.3055464 0.8778829 0.2014254 0.6104935 0.2031690 0.4585819 0.2980995 0.2264083 9.0000000 0.4087481 0.3229964 0.2337817 0.2022964 0.3646389 0.4659134 0.6224701 0.4358183 0.4979365 0.9200131 0.4718570 0.5172005 1.8679630 9.0000000 9.0000000 9.0000000 9.0000000 9.0000000 9.0000000 0.4809070 
PORIFERA_Oscarella_carmela              0.8297689 0.9200131 0.8846627 1.1423560 0.8267201 0.9741199 1.2575120 0.9127402 0.8484627 1.4478106 1.2647585 2.3707239 0.8390284 0.8778829 0.5873680 0.9020256 1.0535819 0.9907189 1.0078880 0.7858811 1.0394300 1.0348003 0.9660226 1.0256677 0.9620225 9.0000000 1.0730965 0.8778829 1.3522829 1.0166988 0.8778829 0.8580784 1.0441029 0.9020256 1.0348003 0.8812613 1.0211631 0.8678826 0.9127402 0.0000000 0.5854883 0.9463350 1.1481032 0.8117489 1.1539172 0.8678826 1.0934039 0.8548525 0.9580543 0.7972130 0.9020256 1.3790751 0.9348841 0.9163635 0.9311247 0.8778829 1.0211631 1.1657521 1.2647585 1.0934039 1.0078880 0.6104935 1.1091947 1.1255005 1.6531816 9.0000000 1.5528463 9.0000000 1.3699839 9.0000000 1.5275244 1.1902969 
PORIFERA_Oscarella_species              0.3622322 0.2291606 0.1817983 0.8029768 0.2595016 0.2556068 0.4484951 0.2384459 0.1710363 1.0535819 0.8613251 9.0000000 0.4194010 0.1718559 0.6046111 0.3297004 0.2980995 0.2855858 0.3515429 0.4302858 0.3574532 0.3515429 0.2441010 0.2835303 0.2102052 9.0000000 0.3174776 0.2479069 0.7378442 0.4194010 0.3586436 0.1702179 0.5836156 0.2991565 0.4442337 0.1645268 0.3893658 0.3274557 0.2794444 0.5854883 0.0000000 0.4901238 1.0780966 0.2663915 0.8452981 0.1743230 0.4556791 0.1759746 0.4470706 0.3610331 0.2031690 9.0000000 0.3445417 0.2949416 0.2191420 0.1702179 0.3622322 0.4778721 0.5372366 0.4009048 0.4733540 0.7586264 0.4839604 0.5271182 9.0000000 9.0000000 9.0000000 9.0000000 9.0000000 9.0000000 9.0000000 0.4809070 
CNIDARIA_Pelagia_noctiluca              0.3131059 0.5123145 0.4571284 0.5139379 0.2412654 0.5155665 0.7106097 0.5090835 0.4358183 1.2030364 0.9907189 9.0000000 0.5090835 0.4428212 0.8359228 0.3586436 0.6085250 0.5930499 0.7130252 0.7034326 0.6388987 0.6285678 0.5423736 0.5930499 0.4703644 9.0000000 0.4809070 0.3868374 0.9700548 0.7693507 0.6285678 0.4484951 0.7533493 0.3682709 0.3342202 0.4275423 0.6602239 0.6065642 0.4022035 0.9463350 0.4901238 0.0000000 0.6409908 0.5237904 1.0583896 0.4330444 0.8390284 0.4585819 0.6893801 0.2784282 0.4824314 1.6076958 0.6494476 0.5725246 0.4673927 0.4456501 0.6104935 0.7302683 0.7586264 0.6712376 0.7178914 0.8812613 0.7252807 0.8206778 1.7996752 9.0000000 1.3436620 9.0000000 1.5153287 9.0000000 1.5528463 0.7154524 
CNIDARIA_Periphylla_periphylla          0.6757119 1.4271891 1.4478106 0.4234551 0.7154524 1.1310561 1.0934039 1.8929682 1.4584493 0.9580543 0.9865172 1.2795744 0.9386720 1.5153287 1.0078880 0.8206778 1.5153287 1.2433267 1.1423560 1.2161091 1.1145711 0.9782183 1.2575120 2.2525295 1.4584493 0.9055717 1.0583896 1.0986123 1.0535819 1.2161091 0.9091431 1.4917949 1.0302131 0.8778829 0.6734697 1.4584493 9.0000000 0.8147075 1.0394300 1.1481032 1.0780966 0.6409908 0.0000000 1.2647585 1.3105921 1.5034234 1.0122740 1.5795193 1.1310561 0.6734697 1.6693121 1.2433267 1.1778739 0.9907189 1.3977688 1.5660049 9.0000000 9.0000000 1.1091947 2.3707239 1.2721116 1.0535819 9.0000000 9.0000000 1.4804308 0.9700548 1.3522829 0.9741199 1.3977688 1.2227758 1.3026555 9.0000000 
PORIFERA_Petrosia_ficiformis            0.3805716 0.1876906 0.2084369 0.8548525 0.3034074 0.3055464 0.5338410 0.2764018 0.2093203 1.4478106 0.7034326 9.0000000 0.4600396 0.2084369 0.7203424 0.3491983 0.3342202 0.3185765 0.4048111 0.3274557 0.4035056 0.4234551 0.2866167 0.3229964 0.2365750 9.0000000 0.3719295 0.2723736 0.6430916 0.4513563 0.3274557 0.2137608 0.4839604 0.3196778 0.4748555 0.1936532 0.4061200 0.3066194 0.3055464 0.8117489 0.2663915 0.5237904 1.2647585 0.0000000 0.6515844 0.2040432 0.5026834 0.2128695 0.3364955 0.3868374 0.2273240 9.0000000 0.3743834 0.3066194 0.2595016 0.2102052 0.3731549 0.4854942 0.5930499 0.4400083 0.5321518 0.9236896 0.4947968 0.5321518 1.7996752 9.0000000 9.0000000 9.0000000 9.0000000 9.0000000 9.0000000 0.4442337 
PORIFERA_Pleraplysilla_spinifera        1.0211631 0.7748003 0.8711939 1.2721116 0.9580543 0.9741199 1.4271891 0.9502110 0.9091431 1.4693192 0.5670700 1.3186568 1.0632440 0.8778829 0.9620225 0.9541172 1.1038755 0.8516474 1.1255005 0.5968740 0.8678826 1.2095300 0.8711939 1.0934039 0.9163635 2.7517939 1.1038755 0.9741199 0.4248138 0.9992298 0.6712376 0.8985044 0.6409908 0.9620225 1.0934039 0.8745272 0.9386720 0.6515844 0.8778829 1.1539172 0.8452981 1.0583896 1.3105921 0.6515844 0.0000000 0.8613251 0.9348841 0.9236896 0.7034326 1.0166988 0.9311247 1.2948428 0.7693507 0.9020256 0.9700548 0.8711939 0.9463350 0.9865172 1.0078880 0.9580543 0.9580543 1.0122740 1.0035401 1.1481032 1.0302131 2.6261367 1.4584493 1.6859803 1.2871503 1.3186568 1.5795193 1.0780966 
CTENOPHORA_Pleurobrachia_species        0.3196778 0.1581010 0.0868167 0.8678826 0.2014254 0.1613036 0.3931827 0.1549188 0.0833684 1.3026555 0.9907189 9.0000000 0.3996095 0.0469285 0.7886901 0.2460003 0.2102052 0.2119798 0.2585251 0.3527194 0.3285768 0.2703716 0.1843151 0.1927970 0.0540071 9.0000000 0.2546378 0.1743230 0.7507315 0.3457018 0.3527194 0.0546556 0.5706998 0.2310039 0.3868374 0.0605303 0.2835303 0.3218877 0.2014254 0.8678826 0.1743230 0.4330444 1.5034234 0.2040432 0.8613251 0.0000000 0.4484951 0.0902889 0.3646389 0.2970446 0.1072998 9.0000000 0.3034074 0.2218545 0.1219314 0.0520666 0.2835303 0.3906349 0.5355359 0.3274557 0.4542340 1.0122740 0.3906349 0.4207487 9.0000000 9.0000000 9.0000000 9.0000000 9.0000000 9.0000000 9.0000000 0.3983175 
PORIFERA_Rossella_fibulata              0.6164460 0.4703644 0.4442337 0.8846627 0.5271182 0.5440978 0.6712376 0.5010961 0.4456501 0.9992298 0.9386720 9.0000000 0.7353061 0.4442337 0.8580784 0.5968740 0.5510544 0.4916766 0.5949583 0.6388987 0.3364955 0.5987971 0.4644384 0.6184460 0.4484951 1.4804308 0.5798912 0.5372366 0.8390284 0.5987971 0.5406554 0.4358183 0.6430916 0.5743561 0.7058135 0.4456501 0.6712376 0.5090835 0.6104935 1.0934039 0.4556791 0.8390284 1.0122740 0.5026834 0.9348841 0.4484951 0.0000000 0.4542340 0.6558855 0.6430916 0.4809070 9.0000000 0.3586436 0.4718570 0.4571284 0.4414128 0.6164460 0.7915150 0.7403952 0.7203424 0.7403952 1.1255005 0.7481273 0.7830878 1.1481032 2.1570019 9.0000000 9.0000000 9.0000000 9.0000000 9.0000000 0.7803100 
BILATERIA_Saccoglossus_kowalevskii      0.3241075 0.1677709 0.0785804 0.8613251 0.2066748 0.1826358 0.4167164 0.1241636 0.0792616 1.2433267 0.9992298 9.0000000 0.4074323 0.0909863 0.7403952 0.2595016 0.2014254 0.1996877 0.2907618 0.3480300 0.3308265 0.3098521 0.1726770 0.1613036 0.1131012 9.0000000 0.2507805 0.1677709 0.8058838 0.3387812 0.3342202 0.0937855 0.5458279 0.2310039 0.4022035 0.0792616 0.2835303 0.3152870 0.2031690 0.8548525 0.1759746 0.4585819 1.5795193 0.2128695 0.9236896 0.0902889 0.4542340 0.0000000 0.3743834 0.3120190 0.0875092 9.0000000 0.3076946 0.2093203 0.1294110 0.0882027 0.2835303 0.3881000 0.5254515 0.3342202 0.4571284 0.9386720 0.3931827 0.4372111 9.0000000 9.0000000 9.0000000 9.0000000 9.0000000 9.0000000 9.0000000 0.3957435 
PORIFERA_Spongilla_lacustris            0.5780394 0.3756150 0.3658467 0.9580543 0.4854942 0.4615016 0.6124698 0.4499236 0.3793279 1.5528463 0.7203424 9.0000000 0.6104935 0.3780872 0.8452981 0.4995138 0.5139379 0.4499236 0.4916766 0.3538987 0.5026834 0.5372366 0.4275423 0.4793872 0.4022035 9.0000000 0.5074757 0.4499236 0.6940205 0.5798912 0.4275423 0.3805716 0.5475640 0.4963642 0.5873680 0.3622322 0.6164460 0.4180569 0.4585819 0.9580543 0.4470706 0.6893801 1.1310561 0.3364955 0.7034326 0.3646389 0.6558855 0.3743834 0.0000000 0.5616743 0.3843217 9.0000000 0.5338410 0.4688763 0.4316632 0.3780872 0.5634664 0.6757119 0.7010629 0.6265269 0.6646003 0.9823505 0.6893801 0.7559809 1.6693121 9.0000000 9.0000000 9.0000000 9.0000000 9.0000000 9.0000000 0.6668029 
CNIDARIA_Stomolophus_meleagris          0.2209487 0.3707070 0.3087722 0.4456501 0.1294110 0.3682709 0.6368154 0.3780872 0.3098521 1.2363821 1.0211631 9.0000000 0.4358183 0.2918035 0.7858811 0.2565776 0.4585819 0.4330444 0.4854942 0.5510544 0.5423736 0.5172005 0.3830685 0.4140462 0.3274557 9.0000000 0.3957435 0.2774140 0.9502110 0.5406554 0.4824314 0.3044757 0.6779641 0.2723736 0.2595016 0.2866167 0.4839604 0.4870326 0.2980995 0.7972130 0.3610331 0.2784282 0.6734697 0.3868374 1.0166988 0.2970446 0.6430916 0.3120190 0.5616743 0.0000000 0.3185765 9.0000000 0.5304683 0.4180569 0.3480300 0.3002159 0.4400083 0.5743561 0.6870760 0.5304683 0.5798912 0.9127402 0.5493061 0.5987971 1.8214178 9.0000000 9.0000000 9.0000000 2.4422743 9.0000000 9.0000000 0.5670700 
BILATERIA_Strongylocentrotus_purpuratus 0.3263371 0.1843151 0.1051415 0.8613251 0.2119798 0.2119798 0.4499236 0.1439380 0.1029925 1.4917949 1.0441029 9.0000000 0.4484951 0.1138311 0.8058838 0.2693736 0.2173418 0.2209487 0.3098521 0.3793279 0.3562655 0.3480300 0.1843151 0.1792941 0.1354763 9.0000000 0.2784282 0.1893869 0.8058838 0.3034074 0.3868374 0.1152941 0.6007276 0.2460003 0.4074323 0.1001415 0.3087722 0.3756150 0.2264083 0.9020256 0.2031690 0.4824314 1.6693121 0.2273240 0.9311247 0.1072998 0.4809070 0.0875092 0.3843217 0.3185765 0.0000000 9.0000000 0.3387812 0.1885381 0.1462708 0.1094674 0.2980995 0.4194010 0.5780394 0.3670573 0.4718570 1.0681460 0.4113901 0.4600396 9.0000000 9.0000000 9.0000000 9.0000000 9.0000000 9.0000000 9.0000000 0.3468645 
PORIFERA_Sycon_ciliatum                 9.0000000 9.0000000 9.0000000 1.4584493 9.0000000 9.0000000 9.0000000 9.0000000 9.0000000 1.2647585 1.3026555 0.5321518 9.0000000 9.0000000 0.9580543 9.0000000 9.0000000 9.0000000 9.0000000 9.0000000 9.0000000 9.0000000 9.0000000 9.0000000 9.0000000 1.0535819 9.0000000 9.0000000 1.6076958 9.0000000 9.0000000 9.0000000 1.5934091 9.0000000 9.0000000 9.0000000 9.0000000 9.0000000 9.0000000 1.3790751 9.0000000 1.6076958 1.2433267 9.0000000 1.2948428 9.0000000 9.0000000 9.0000000 9.0000000 9.0000000 9.0000000 0.0000000 9.0000000 9.0000000 9.0000000 9.0000000 9.0000000 9.0000000 2.0077554 9.0000000 2.1570019 0.8516474 9.0000000 9.0000000 1.0934039 1.0583896 0.3330864 0.9273933 0.2507805 0.2209487 0.3218877 9.0000000 
